4133825121017505
4133828882174440
4133822861368073
4133823671430715
4133824061517616
4133825475277143
4133828103786535
4133822660854307
4133828260615204
4133826755668357
4133825320322003
4133820025832026
4133824078185886
4133823233612032
4133825533034064
4133827770661674
4133823757038515
4133820784288048
4133824028834807
4133824625042481
4133823044150818
4133820223677330
4133828041525227
4133828007237403
4133823120687030
4133824418148552
4133823103155443
4133823860082236
4133824476500223
4133822212018682
4133827308153855
4133823883535483
4133825437142823
4133828434625626
4133821728266876
4133822203131031
4133828335484446
4133827123260745
4133827275112280
4133825620254286
4133827337511115
4133827816516528
4133822380662642
4133823114860114
4133823258078358
4133824414814876
4133821077125137
4133828470622487
4133828623432180
4133820668148680
4133828323531703
4133822188534613
4133822755141487
4133821058351264
4133821650565345
4133828124083110
4133826220534440
4133826326103454
4133820435676237
4133823875388560
4133827832508871
4133824820011646
4133825006752606
4133825686277841
4133825824680435
4133825726283874
4133824741558022
4133822500512453
4133821284270502
4133825465031260
4133827743553834
4133820588648355
4133827732101348
4133824583610527
4133825115615132
4133820462638654
4133828818857811
4133824081483286
4133824650001311
4133820231808547
4133823417421747
4133820472346124
4133823776714013
4133826151233202
4133822618651250
4133826174188177
4133826123466740
4133828102841752
4133825250808054
4133821775254627
4133826061076618
4133820301737022
4133824654578470
4133826260063052
4133828201122161
4133828273727475
4133821530811141
4133826714052800
4133827204508525
4133821277211521
5393741058785828